                                                      -12
1.0000000000000000000000000000000000000000000000000 10
                                                      -6
1.0000009990000000208166817117216851329430940000000 10
                                                      -6
2.0000009980000000416333634234433702658861880000000 10
                                                      -6
3.0000009970000000624500451351650553988292820000000 10
                                                      -6
4.0000009960000000832667268468867405317723760000000 10
                                                      -6
5.0000009950000001040834085586084256647154700000000 10
                                                      -6
6.0000009940000001249000902703301107976585640000000 10
                                                      -6
7.0000009930000001457167719820517959306016580000000 10
                                                      -6
8.0000009920000001665334536937734810635447520000000 10
                                                      -6
9.0000009910000001873501354054951661964878460000000 10
